95 3.27734
22283 3.27734
16429 3.27734
224 3.27734
84753 3.27734
43004 3.27734
231 3.27734
351422 3.27734
170669 3.27734
457 3.27734
1376726 3.27734
683381 3.27734
960 3.41016
5575008 3.41016
2782337 3.41016
1898 3.65625
22341629 3.65625
11107584 3.65625
7824 3.27734
7996 3.27734
7955 3.27734
28023 3.27734
29223 3.27734
28900 3.27734
106754 3.27734
106916 3.27734
107178 3.27734
462791 3.27734
462832 3.27734
464774 3.27734
1842032 3.41016
1822565 3.41016
1854448 3.41016
7224365 3.65625
7426304 3.65625
7255184 3.65625
2092 3.27734
1477 3.27734
1594 3.27734
3675 3.27734
3221 3.27734
3471 3.27734
7955 3.27734
7529 3.27734
9476 3.27734
18065 3.27734
16098 3.27734
16597 3.27734
37573 3.41016
34912 3.41016
36930 3.41016
80275 3.65625
76468 3.65625
80222 3.65625
